((("social" .
   [1 0 0 0 0 0])
  ("close" .
   [1 0 0 0 0])
  ("con" .
   [1 0 0])
  ("cur" .
   [2 0 0])
  ("sqlite3" .
   [0 0 0 1 0 0 0])
  ("strClassName" .
   [0 0 0 0 1 0 0 0 0 0 0 0])
  ("Logger" .
   [1 0 0 0 0 0])
  ("LogTest" .
   [0 0 0 0 1 0 0])
  ("from" .
   [5 0 0 0])
  ("Edge" .
   [1 0 0 0])
  ("Rest" .
   [1 0 0 0])
  ("ans0" .
   [3 0 0 0])
  ("ans2" .
   [5 0 0 0])
  ("ans1" .
   [3 0 0 0])
  ("num2" .
   [7 0 0 0])
  ("num1" .
   [11 0 0 0])
  ("Sub" .
   [7 0 0])
  ("Down" .
   [2 0 0 0])
  ("cos" .
   [1 0 0])
  ("tol" .
   [1 0 0])
  ("DFS3" .
   [1 0 0 0])
  ("vis3" .
   [1 0 0 0])
  ("vis1" .
   [2 0 0 0])
  ("app" .
   [6 0 0])
  ("cmp" .
   [1 0 0])
  ("double" .
   [0 0 0 1 0 0])
  ("Mul" .
   [3 0 0])
  ("Matrix" .
   [7 0 0 0 0 0])
  ("Put" .
   [3 0 0])
  ("Fix" .
   [1 0 0])
  ("Splay" .
   [2 0 0 0 0])
  ("WTERMSIG" .
   [1 0 0 0 0 0 0 0])
  ("LEN" .
   [1 0 0])
  ("WIFEXITED" .
   [0 0 0 0 0 0 1 0 0])
  ("pid" .
   [3 0 0])
  ("status" .
   [4 0 0 1 1 0])
  ("cptr" .
   [1 0 0 0])
  ("stdout" .
   [0 0 0 1 1 0])
  ("fflush" .
   [0 0 0 2 0 0])
  ("Fork" .
   [3 0 0 0])
  ("env" .
   [1 0 0])
  ("argv" .
   [1 0 0 0])
  ("acc7" .
   [3 0 0 0])
  ("acc6" .
   [3 0 0 0])
  ("acc5" .
   [3 0 0 0])
  ("acc4" .
   [3 0 0 0])
  ("acc3" .
   [3 0 0 0])
  ("acc2" .
   [4 0 0 0])
  ("acc1" .
   [3 0 0 0])
  ("acc0" .
   [4 0 0 0])
  ("xpwr" .
   [3 0 0 0])
  ("poly" .
   [1 0 0 0])
  ("degree" .
   [3 0 1 1 2 0])
  ("vdata" .
   [1 0 2 0 0])
  ("udata" .
   [2 0 1 0 0])
  ("length" .
   [3 0 0 0 0 0])
  ("get_vec_start" .
   [0 0 0 0 1 0 0 0 0 0 0 1 0])
  ("data_t" .
   [7 0 0 0 2 1])
  ("vec_ptr" .
   [1 0 1 6 0 0 0])
  ("temp" .
   [6 0 0 0])
  ("using" .
   [0 0 1 1 1])
  ("cnt" .
   [4 0 0])
  ("push" .
   [3 0 0 0])
  ("rbegin" .
   [6 0 0 0 0 0])
  ("find" .
   [9 0 0 0])
  ("Judge" .
   [3 0 0 0 0])
  ("fabs" .
   [4 0 0 0])
  ("putchar" .
   [15 0 0 0 0 0 0])
  ("wgt" .
   [16 0 0])
  ("postOrder" .
   [1 0 0 0 0 0 0 0 0])
  ("inOrder" .
   [2 0 0 0 0 0 0])
  ("preOrder" .
   [1 0 0 0 0 0 0 0])
  ("endl" .
   [5 0 0 0])
  ("getSize" .
   [1 0 0 0 0 0 0])
  ("reverse" .
   [2 0 0 0 0 1 0])
  ("print" .
   [5 0 0 0 0])
  ("lst" .
   [13 0 0])
  ("pos" .
   [8 0 0])
  ("tail" .
   [16 0 0 0])
  ("head" .
   [20 0 0 0])
  ("LinkedList" .
   [1 0 0 0 4 0 1 0 0 0])
  ("template" .
   [0 0 0 1 0 0 0 0])
  ("last" .
   [14 0 0 0])
  ("next" .
   [38 0 0 0])
  ("MODE_E" .
   [1 0 0 0 0 0])
  ("MODE_D" .
   [1 0 0 0 0 0])
  ("MODE_C" .
   [0 0 0 0 0 1])
  ("MODE_B" .
   [1 0 0 0 0 0])
  ("MODE_A" .
   [0 0 0 0 1 0])
  ("action" .
   [2 0 1 0 0 0])
  ("mode_t" .
   [0 0 1 0 0 0])
  ("Insert" .
   [3 0 0 0 0 0])
  ("son" .
   [4 0 0])
  ("n" .
   [1])
  ("root" .
   [18 0 0 0])
  ("l" .
   [1])
  ("i" .
   [1])
  ("NIL" .
   [6 0 0])
  ("N" .
   [5])
  ("Dispose" .
   [1 0 0 0 0 0 0])
  ("Tmp" .
   [1 0 0])
  ("Temp" .
   [1 0 0 0])
  ("Polar" .
   [1 0 0 0 0])
  ("imag" .
   [9 0 0 0])
  ("Complex" .
   [7 0 0 0 0 0 0])
  ("polar" .
   [0 0 0 0 1])
  ("LENG" .
   [5 0 0 0])
  ("polor" .
   [3 0 0 0 0])
  ("complex" .
   [6 0 0 0 0 0 0])
  ("real" .
   [11 0 0 0])
  ("nextLine" .
   [0 0 0 0 0 1 0 0])
  ("String" .
   [6 0 0 0 0 0])
  ("private" .
   [0 0 0 0 1 0 0])
  ("Collections" .
   [1 0 0 0 0 0 0 0 0 0 0])
  ("util" .
   [6 0 0 0])
  ("java" .
   [7 0 0 0])
  ("ArrayList" .
   [2 0 0 0 0 1 0 0 0])
  ("add" .
   [5 0 0])
  ("BigDecimal" .
   [3 0 0 0 8 2 0 0 0 0])
  ("nextDouble" .
   [2 0 0 0 0 0 0 0 0 0])
  ("mnt" .
   [2 0 0])
  ("cmptime" .
   [2 0 0 1 0 0 0])
  ("cmpdate" .
   [5 0 1 0 0 0 0])
  ("week" .
   [2 0 0 0])
  ("sec" .
   [5 0 0])
  ("hor" .
   [5 0 0])
  ("year" .
   [3 0 0 0])
  ("Query" .
   [2 0 0 1 0])
  ("Hash" .
   [6 0 0 0])
  ("min" .
   [4 0 0])
  ("upper_bound" .
   [0 0 0 0 0 1 0 0 0 0 0])
  ("end" .
   [9 0 1])
  ("lower_bound" .
   [1 0 0 1 0 0 1 0 0 0 0])
  ("acos" .
   [1 0 0 0])
  ("valueOf" .
   [1 0 1 0 0 1 0])
  ("kind" .
   [5 0 0 0])
  ("Rand" .
   [1 0 0 0])
  ("rand" .
   [17 0 0 0])
  ("second" .
   [1 0 0 0 0 0])
  ("mmp" .
   [4 0 0])
  ("EPS" .
   [5 0 0])
  ("arg" .
   [8 0 0])
  ("fi" .
   [2 0])
  ("sort" .
   [8 0 0 0])
  ("Sum" .
   [28 0 0])
  ("Add" .
   [11 0 0])
  ("cout" .
   [2 1 0 0])
  ("clear" .
   [5 0 0 0 0])
  ("push_back" .
   [10 0 2 0 0 0 0 0 0])
  ("vector" .
   [4 0 0 0 0 0])
  ("clr" .
   [10 0 0])
  ("lab" .
   [41 0 0])
  ("Set" .
   [10 0 0])
  ("Joke" .
   [6 0 0 0])
  ("ll" .
   [4 0])
  ("erase" .
   [6 0 0 0 0])
  ("set" .
   [3 0 0])
  ("it1" .
   [9 0 0])
  ("it2" .
   [17 0 0])
  ("dir" .
   [6 0 0])
  ("insert" .
   [12 0 0 0 0 0])
  ("stdin" .
   [1 0 0 0 0])
  ("hasNext" .
   [1 0 0 0 0 0 0])
  ("itr" .
   [1 0 0])
  ("view" .
   [8 0 0 0])
  ("ctr" .
   [6 0 0])
  ("Poly" .
   [3 0 0 0])
  ("center" .
   [1 0 0 0 0 0])
  ("delta" .
   [4 0 0 0 0])
  ("operator" .
   [0 0 1 0 2 0 0 0])
  ("getchar" .
   [21 0 1 2 0 0 0])
  ("Dot" .
   [1 0 0])
  ("Cross" .
   [2 0 0 0 0])
  ("Sqr" .
   [10 0 0])
  ("Dist" .
   [3 0 0 0])
  ("puts" .
   [21 0 0 0])
  ("top" .
   [2 0 0])
  ("idx" .
   [41 0 0])
  ("Point" .
   [28 0 1 0 0])
  ("Build" .
   [11 0 0 0 0])
  ("Minimum" .
   [1 0 0 0 0 0 0])
  ("Maximum" .
   [1 0 0 0 0 0 0])
  ("max" .
   [5 0 0])
  ("INT_MIN" .
   [4 0 0 0 0 0 0])
  ("INT_MAX" .
   [25 0 0 0 0 0 0])
  ("Change" .
   [1 0 0 0 0 0])
  ("Max" .
   [17 0 0])
  ("SIZE" .
   [60 0 0 1])
  ("Min" .
   [11 0 0])
  ("MAX" .
   [4 0 0])
  ("MIN" .
   [5 0 0])
  ("opt" .
   [22 0 0])
  ("scanf" .
   [87 0 0 0 0])
  ("float_f2i" .
   [0 0 0 1 0 0 0 0 0])
  ("return" .
   [0 0 3 1 2 0])
  ("sign" .
   [2 0 0 0])
  ("Bias" .
   [2 0 0 0])
  ("threefourths" .
   [1 0 3 2 0 1 0 0 0 0 0 0])
  ("NULL" .
   [15 0 1 0])
  ("size" .
   [38 1 0 1])
  ("nmemb" .
   [0 0 0 3 0])
  ("buf" .
   [5 0 0])
  ("val" .
   [37 0 0])
  ("maxbytes" .
   [2 0 0 0 0 0 0 0])
  ("any_odd_one" .
   [0 0 1 2 0 0 0 0 0 0 0])
  ("size_t" .
   [0 0 0 0 4 0])
  ("byte_pointer" .
   [1 0 2 1 2 0 0 0 0 0 0 0])
  ("replace_byte" .
   [0 0 0 0 0 2 0 0 0 0 0 0])
  ("shell-command" .
   [3 0 0 0 0 0 0 0 0 0 1 0 0])
  ("printf" .
   [101 0 1 0 0 0])
  ("include" .
   [0 0 1 0 1 0 0])
  ("public" .
   [0 0 3 1 0 0])
  ("static" .
   [0 0 1 2 0 0])
  ("void" .
   [0 0 1 0])
  ("shell" .
   [3 0 0 0 0])
  ("unsigned" .
   [0 0 6 1 6 0 0 0])
  ("start" .
   [1 0 0 0 0])
  ("show_bytes" .
   [0 0 0 0 4 0 0 0 0 0])
  ("mx" .
   [1 0])
  ("lower_one_mask" .
   [0 0 0 2 0 0 0 0 0 0 0 0 0 0])
  ("f2u" .
   [4 0 0])
  ("ans" .
   [137 0 0])
  ("float" .
   [0 0 1 1 0])
  ("float_le" .
   [2 0 1 0 0 0 0 0])
  ("float_bits" .
   [0 0 2 4 1 0 0 0 0 0])
  ("exp" .
   [14 0 0])
  ("frac" .
   [4 0 0 0])
  ("float_negate" .
   [0 0 0 1 0 0 0 0 1 0 0 0])
  ("memcpy" .
   [5 0 0 0 0 0])
  ("u2f" .
   [1 0 0])
  ("Case" .
   [36 0 0 0])
  ("tmp" .
   [42 0 0])
  ("now" .
   [35 0 0])
  ("string" .
   [7 0 1 0 0 0])
  ("assign" .
   [7 0 0 1 0 0])
  ("swap" .
   [4 0 0 0])
  ("pop" .
   [1 0 0])
  ("Swap" .
   [1 0 0 0])
  ("Scanner" .
   [3 0 0 0 0 0 0])
  ("Read" .
   [20 0 0 0])
  ("pair" .
   [16 0 0 0])
  ("stdc" .
   [0 0 0 2])
  ("eps" .
   [2 0 0])
  ("ansx" .
   [2 0 0 0])
  ("ansy" .
   [1 0 0 0])
  ("sum" .
   [104 0 0])
  ("MOD" .
   [6 0 0])
  ("memset" .
   [8 0 0 1 0 0])
  ("Max1" .
   [2 0 0 0])
  ("Max2" .
   [1 0 0 0])
  ("Find1" .
   [2 0 0 0 0])
  ("max1" .
   [1 0 0 0])
  ("Find2" .
   [2 0 0 0 0])
  ("max2" .
   [1 0 0 0])
  ("Find" .
   [3 0 0 0])
  ("sum1" .
   [9 0 0 0])
  ("lab2" .
   [11 0 0 0])
  ("sum2" .
   [8 0 0 0])
  ("lab1" .
   [8 0 0 0])
  ("mid" .
   [23 0 0])
  ("freopen" .
   [4 0 0 0 0 0 0])
  ("num" .
   [144 0 0])
  ("Calc" .
   [15 0 0 0])
  ("abs" .
   [5 0 0])
  ("sqrt" .
   [20 0 0 0])
  ("flag" .
   [67 0 0 0])
  ("ang" .
   [1 0 0])
  ("typedef" .
   [0 0 0 0 0 1 0])
  ("log" .
   [6 0 0])
  ("pow" .
   [2 0 0])
  ("From" .
   [3 0 0 0])
  ("DFS" .
   [11 0 0])
  ("Num" .
   [2 0 0])
  ("Tar" .
   [2 0 0])
  ("Last" .
   [1 1 0 0])
  ("used" .
   [4 0 1 0])
  ("Flag" .
   [1 0 0 0])
  ("AddEdge" .
   [34 0 0 1 0 3 0])
  ("Head" .
   [35 0 0 0])
  ("Next" .
   [23 0 0 0])
  ("Link" .
   [33 0 0 0])
  ("tot" .
   [3 0 0])
  ("nextInt" .
   [2 0 0 0 2 0 0])
  ("BigInteger" .
   [1 0 0 11 1 4 0 0 0 0])
  ("multiply" .
   [0 0 0 3 0 0 0 0])
  ("System" .
   [9 0 0 2 0 0])
  ("println" .
   [4 0 1 0 0 0 0])
  ("dfn" .
   [6 0 0])
  ("Segment" .
   [7 0 0 0 0 0 0])
  ("binary_search" .
   [0 0 0 1 0 0 0 0 0 0 0 0 0])
  ("FloodFill" .
   [1 0 0 1 0 1 0 0 0])
  ("front" .
   [4 0 0 0 0])
  ("multiset" .
   [1 0 0 0 0 1 0 0])
  ("iterator" .
   [0 0 0 0 0 1 0 0])
  ("it" .
   [6 0])
  ("empty" .
   [1 0 0 0 0])
  ("begin" .
   [1 0 0 0 0])
  ("ret" .
   [1 0 0])
  ("DFT" .
   [6 0 0])
  ("Tree" .
   [11 0 0 0])
  ("min_element" .
   [0 0 0 0 0 0 0 1 0 0 0])
  ("Node" .
   [31 0 0 0])
  ("key" .
   [89 0 0])
  ("Merge" .
   [5 0 0 0 0])
  ("dis" .
   [12 0 0])
  ("mask" .
   [4 0 0 0])
  ("result" .
   [19 0 1 0 1 0])
  ("dest" .
   [2 0 0 0])
  ("str1" .
   [1 0 0 0])
  ("str2" .
   [1 0 0 0])
  ("in" .
   [3 0])
  ("Delete" .
   [8 0 1 3 0 0])
  ("Cost" .
   [11 0 0 0])
  ("make_pair" .
   [1 0 0 0 0 1 0 0 0])
  ("gcd" .
   [3 0 0])
  ("INF" .
   [8 0 0])
  ("mp" .
   [2 0])
  ("namespace" .
   [0 0 0 0 4 0 0 0 0])
  ("std" .
   [10 0 0])
  ("require" .
   [0 0 0 0 1 0 0])
  ("packages." .
   [0 0 0 0 1 0 0 0 0])
  ("auctex" .
   [1 0 0 0 0 0])
  ("vec_length" .
   [1 0 0 0 0 0 0 0 0 0])
  ("len" .
   [3 0 0])
  ("data" .
   [5 0 0 0])
  ("inner" .
   [2 0 0 0 0])
  ("malloc" .
   [0 0 0 0 1 0])
  ("stat" .
   [3 0 0 0])
  ("srand" .
   [1 0 0 0 0])
  ("Select" .
   [1 0 0 0 0 0])
  ("t1" .
   [4 0])
  ("t2" .
   [2 0])
  ("StringBuild" .
   [1 0 0 0 0 0 0 0 0 0 0])
  ("StringBuilder" .
   [1 0 0 0 0 0 0 0 0 0 0 0 0])
  ("nil" .
   [1 0 0])
  ("vis" .
   [4 0 0])
  ("DFS2" .
   [2 0 0 0])
  ("DFS1" .
   [2 0 0 0])
  ("strcmp" .
   [2 0 0 0 0 0])
  ("strcpy" .
   [1 0 0 0 0 0])
  ("gets" .
   [1 0 0 0])
  ("Append" .
   [2 0 0 0 0 0])
  ("nxt" .
   [6 0 0])
  ("Write" .
   [6 0 0 0 0])
  ("Output" .
   [3 0 0 0 0 0])
  ("doubel" .
   [2 0 0 0 0 0])
  ("sqr" .
   [22 0 0])
  ("Equal" .
   [3 0 0 0 0])
  ("Throwable" .
   [0 0 0 1 0 0 0 0 0])
  ("StringWriter" .
   [1 0 0 0 0 0 0 1 0 0 0 0])
  ("out" .
   [5 0 0])
  ("PrintWriter" .
   [0 0 1 0 0 0 0 0 0 0 0])
  ("list" .
   [5 0 0 2])
  ("Iterator" .
   [1 0 0 0 1 0 0 0])
  ("List" .
   [1 0 0 0])
  ("import" .
   [0 0 0 0 0 1])
  ("Integer" .
   [3 0 0 0 0 0 0])))
